7	2724	10837	MESH:D006949
8	7455	12546	MESH:D006344
17	5070	11406	MESH:D011015
33	00845	11207	MESH:D004761
37	2859	10695	MESH:D000740
38	185	10784	MESH:D011471
39	4439	11512	MESH:D007383
40	2449	11018	MESH:D007037
50	4111	11328	MESH:D000789
54	4254	13862	MESH:D002313
58	42789	13083	MESH:D053840
69	53081	10939	MESH:D005764
77	30000	10867	MESH:D001008
82	2875	10730	MESH:D013921
86	5790	12496	MESH:D002446
100	3510	11407	MESH:D020330
101	042	10953	MESH:D015658
103	5859	11760	MESH:D007676
104	42820	10850	MESH:D054143
109	3004	11159	MESH:D019263
111	32723	11483	MESH:D020181
112	3320	10880	MESH:D010300
119	33520	14628	DOID:332
133	25200	11762	MESH:D006961
142	27800	10857	MESH:D009765
153	2753	14534	MESH:D007014
171	34590	11122	MESH:D004827
174	51889	12156	MESH:D008171
177	7821	11621	MESH:D005076
179	4010	10848	MESH:D006973
204	28981	11823	MESH:D020152
214	5589	11951	MESH:D003092
219	58889	11582	MESH:D000141
229	2866	11632	MESH:D004211
236	725	11418	MESH:D011111
237	5715	10693	MESH:D008103
242	5724	13067	MESH:D006530
245	51882	12063	MESH:D012128
249	07070	11883	MESH:D006526
283	5761	12580	MESH:D002761
289	2869	11631	MESH:D001778
290	5845	11644	MESH:D007683
325	25541	11389	MESH:D000224
350	591	12382	MESH:D006869
353	5921	13404	MESH:D053039
359	7140	10680	MESH:D001172
372	42781	13072	MESH:D012804
379	1363	11224	MESH:D011020
380	2536	11379	MESH:D007177
382	5770	14623	DOID:4989
391	2732	13506	MESH:D003449
394	28731	10715	MESH:D016553
395	4820	11492	MESH:D007710
418	5722	11350	MESH:D006501
437	1121	10892	MESH:D002181
442	73300	10698	MESH:D010024
468	4359	10842	MESH:D002546
473	5363	10903	MESH:D018589
495	20410	10713	MESH:D015451
497	27542	10697	MESH:D006934
505	1550	11272	MESH:D018197
520	49120	11100	MESH:D029424
529	4370	11545	MESH:D002537
530	5881	12186	MESH:D018500
535	2535	11452	MESH:D003919
539	1179	10889	MESH:D009181
541	4169	12535	MESH:D011660
542	7291	10958	MESH:D005356
573	3570	12306	MESH:D020275
582	4267	10965	MESH:D014927
614	33394	11322	MESH:D012148
636	4580	13261	MESH:D054972
651	42830	14133	MESH:D054144
655	5762	11925	MESH:D002779
683	138	11313	MESH:D016262
721	28850	11898	MESH:D007970
725	59381	11660	MESH:D012078
728	1991	11779	MESH:D009369
753	42682	12428	MESH:D008133
755	4299	11896	MESH:D006331
760	769	13664	MESH:D006819
763	7707	12577	MESH:D001997
766	7470	11093	MESH:D004374
774	7746	12597	MESH:D007567
777	6910	11634	MESH:D003963
795	4255	13637	MESH:D002310
813	2899	11849	MESH:D006402
843	75312	12991	MESH:D007690
861	4829	11263	MESH:D018410
873	59080	11614	MESH:D011702
874	5960	11467	MESH:D001748
883	27900	13867	MESH:D000361
899	47874	13816	MESH:D007829
912	4233	13878	MESH:D002305
915	73390	12243	MESH:D001847
948	485	13530	MESH:D001996
969	29530	13377	MESH:D012563
1006	5602	14145	MESH:D045822
1018	3330	12908	MESH:D013494
1037	2512	10732	MESH:D007003
1055	25201	12106	MESH:D049950
1068	2863	12499	MESH:D005166
1092	340	11318	MESH:D009103
1094	2883	12152	MESH:D004802
1100	1561	13299	MESH:D001650
1101	1551	11935	MESH:D018281
1116	6961	10677	MESH:D011565
1122	4549	11755	MESH:D014648
1128	04082	11153	MESH:D012772
1135	2532	10813	MESH:D007018
1138	4476	12571	MESH:D001025
1143	36816	12508	MESH:D020238
1147	193	10706	MESH:D013964
1164	73739	12820	MESH:D012600
1172	23871	11587	MESH:D013920
1183	2810	10808	MESH:D000752
1203	501	12847	MESH:D001195
1207	69589	11228	MESH:D016460
1241	2721	11669	MESH:D006953
1248	29690	11012	MESH:D019964
1269	5710	12006	MESH:D005234
1286	6929	11388	MESH:D003877
1318	1104	10964	MESH:D014008
1336	36250	11676	MESH:D008268
1342	5370	14477	MESH:D011707
1344	33182	11453	MESH:D020961
1350	2511	12129	MESH:D006946
1362	4871	10894	MESH:D007251
1367	3501	11699	MESH:D014277
1382	27549	13599	MESH:D011547
1394	2409	11019	MESH:D006042
1404	2860	10708	MESH:D006467
1423	5130	11548	MESH:D008169
1431	61610	13897	MESH:D014848
1434	2774	13234	MESH:D007566
1439	1560	11872	MESH:D005706
1443	74783	14423	MESH:D010547
1471	74781	13269	MESH:D002538
1483	3003	10846	MESH:D009771
1491	5305	14525	MESH:D015154
1496	2733	11041	MESH:D008258
1507	7454	12979	MESH:D006345
1509	75251	11771	MESH:D003456
1515	75989	12369	MESH:D006223
1522	605	12619	MESH:D010688
1539	2638	12095	MESH:D011502
1560	78093	11697	MESH:D000647
1614	2710	13604	MESH:D006012
1633	2890	11780	MESH:D011086
1675	2864	13284	MESH:D014842
1697	3331	11335	MESH:D020329
1701	30001	10873	MESH:D016584
1714	7101	12210	MESH:D012595
1731	3599	12062	MESH:D009135
1754	48284	10905	MESH:D007877
1762	3017	13898	MESH:D000987
1778	4779	11170	MESH:D012223
1786	2452	12088	MESH:D013967
1787	3009	11862	MESH:D001523
1810	5880	13033	MESH:D012080
1813	7503	13998	MESH:D004933
1854	79094	12265	MESH:D005067
1867	4379	11998	MESH:D002561
1868	3369	12371	MESH:D013118
1870	1820	11146	MESH:D016889
1897	75733	12346	MESH:C536766
1911	7795	12021	MESH:D009357
1915	3518	12350	MESH:D008556
1931	52809	10731	MESH:D013280
1934	7469	11542	MESH:D006330
1942	78469	11989	MESH:D000377
